

Complete listing of Fine Structure file
File:  D:\ICEA\PTU\SBBE202510031200PTU.txt

Started at        3 October 2025 11:31 UTC

Station  :       82193 2025 10  3 11 31
Location :       1.39 S 48.48 W        14 m/MSL

RS type       :  RS41-SGP
RS-number     :  W4314327
Sounding processor serial number: 0


Ground check  :     Ref     RS   Corr

  Pressure    :  1011.8 1009.9    1.9
  Temperature :   /////  /////  /////
  Humidity    :   /////  /////  /////

Clouds    : 68400
Special 1 : /////
Special 2 : /////

Telemetry noise level  :  100 %

                 P      T      U
Accepted (%) : /////  /////  /////
Replaced (%) : /////  /////  /////
Rejected (%) : /////  /////  /////

GPS data quality
    Valid raw wind ratio        :  ///// %
    Valid raw wind on 5 ratio   :  ///// %
    Invalid raw wind on 4 ratio :  ///// %
    Poor PDOP ratio             :  ///// %
    Unidentified signals ratio  :  ///// %
    Mean satellite track count  :  /////
    Mean track count valid      :  /////
    Gaps over 1 min             :  ///// min


Reason for termination : IncreasingPressure

   Time Pressure   Height  Temperature  RH   Dewp   Significance flags

 min  s      hPa      gpm     deg C      %  deg C  Automatic  Operator

   0  0   1011.3       19      28.0     82   24.7 TU          TU            
   0  9   1005.2       73      26.3     85   23.6                           
   0 19    998.9      130      25.8     86   23.2                           
   0 29    993.6      175      25.3     88   23.1                           
   0 39    987.6      230      25.0     88   22.9                           
   0 49    981.6      283      24.4     92   23.0                           
   0 59    975.0      343      23.8     95   22.9                           
   1  9    968.3      402      23.2     97   22.7 TU          TU            
   1 19    960.1      477      22.6     99   22.4  U           U            
   1 29    953.2      540      22.4     94   21.4                           
   1 39    946.0      607      22.1     95   21.2                           
   1 49    939.3      669      21.7     95   20.8                           
   1 59    932.9      728      21.2     98   20.8                           
   2  9    926.4      789      20.8     98   20.4                           
   2 19    920.1      849      20.5     95   19.7                           
   2 29    914.0      905      20.4     90   18.7 TU          TU            
   2 39    907.8      965      20.6     74   16.0                           
   2 49    901.9     1022      20.6     69   14.7                           
   2 59    895.6     1082      20.5     65   13.7                           
   3  9    888.8     1148      20.7     62   13.1 T           T             
   3 19    882.6     1208      20.7     57   11.8                           
   3 29    876.5     1269      20.4     54   10.9  U           U            
   3 39    869.8     1335      20.0     54   10.5                           
   3 49    863.5     1399      19.5     63   12.3                           
   3 59    857.5     1457      19.0     69   13.1                           
   4  9    850.7     1525      18.5     76   14.2                           
   4 19    844.3     1590      18.4     80   14.9  U           U            
   4 29    838.7     1648      18.4     73   13.5                           
   4 39    832.8     1708      18.1     74   13.5                           
   4 49    826.4     1776      17.6     75   13.1                           
   4 59    820.7     1834      17.2     78   13.3                           
   5 10    814.5     1898      17.1     76   12.9                           
   5 20    808.5     1962      16.8     74   12.2                           
   5 30    802.5     2025      16.4     75   11.9                           
   5 40    796.3     2091      15.8     78   11.9                           
   5 50    790.3     2157      15.3     78   11.6                           
   6  0    784.2     2221      14.9     77   11.0                           
   6 10    778.2     2288      14.5     76   10.3                           
   6 20    772.7     2348      14.1     77   10.2                           
   6 30    767.1     2409      13.6     79   10.1                           
   6 40    761.5     2470      13.2     81    9.9  U           U            
   6 50    755.7     2535      12.8     80    9.4                           
   7  0    750.1     2598      12.7     69    7.2                           
   7 10    744.7     2659      12.3     67    6.3                           
   7 20    739.3     2719      11.8     66    5.7                           
   7 30    733.9     2780      11.4     67    5.5                           
   7 40    728.4     2844      11.0     65    4.7                           
   7 50    723.1     2904      10.8     62    3.8                           
   8  0    717.4     2971      10.4     60    3.0                           
   8 10    711.4     3042      10.3     63    3.5                           
   8 20    706.2     3102      10.1     57    1.9                           
   8 30    701.4     3158      10.0     49   -0.2 TU          TU            
   8 40    696.1     3221       9.5     47   -1.3                           
   8 50    690.5     3288       9.1     52   -0.3                           
   9  0    685.1     3354       8.4     63    1.8                           
   9 10    679.9     3417       7.9     67    2.1                           
   9 20    674.9     3478       7.4     67    1.7                           
   9 30    670.0     3538       7.0     67    1.3                           
   9 40    664.7     3602       6.7     62   -0.1                           
   9 50    659.4     3670       6.1     61   -0.9                           
  10  0    654.6     3728       5.6     66   -0.2                           
  10 10    649.7     3791       4.9     74    0.7                           
  10 20    645.1     3848       4.4     84    2.0                           
  10 30    640.4     3908       4.2     87    2.3  U           U            
  10 40    635.8     3967       4.0     86    1.9                           
  10 50    631.1     4026       3.6     85    1.4                           
  11  0    626.7     4083       3.2     85    1.0                           
  11 10    622.1     4145       2.8     86    0.6                           
  11 20    617.6     4203       2.3     84   -0.2                           
  11 30    612.8     4266       1.9     80   -1.1                           
  11 40    608.1     4326       1.4     84   -1.1                           
  11 50    603.3     4392       0.8     87   -1.0                           
  12  0    598.8     4453       0.5     85   -1.8                           
  12 10    594.2     4513       0.2     85   -2.0 T           T             
  12 20    589.8     4572       0.4     82   -2.3                           
  12 30    585.6     4630       0.5     81   -2.5                           
  12 40    581.2     4692       0.4     79   -2.8  U           U            
  12 50    577.1     4749       0.7     68   -4.6                           
  13  0    572.9     4807       0.8     59   -6.3                           
  13 10    568.9     4863       1.0     52   -7.6 T           T             
  13 20    564.8     4922       1.0     46   -9.3                           
  13 30    561.5     4968       0.9     41  -10.7                           
  13 40    557.9     5020       0.6     37  -12.5  U           U            
  13 50    553.9     5076       0.1     39  -12.2                           
  14  0    549.5     5141      -0.4     43  -11.6                           
  14 10    545.2     5205      -1.0     43  -11.9                           
  14 20    541.2     5263      -1.4     38  -14.0                           
  14 30    537.1     5322      -1.8     33  -15.9                           
  14 40    532.9     5386      -2.1     27  -18.5                           
  14 50    528.8     5449      -2.4     28  -18.2                           
  15  0    525.0     5504      -2.8     26  -19.6                           
  15 10    520.4     5576      -3.1     18  -24.4                           
  15 20    516.2     5637      -3.5     12  -28.8                           
  15 30    512.2     5699      -3.9      9  -32.7                           
  15 40    508.2     5762      -4.4      8  -34.4                           
  15 50    504.5     5817      -4.8      7  -36.2                           
  16  0    500.7     5876      -5.2      6  -37.3                           
  16 10    496.7     5941      -5.7      5  -38.7                           
  16 20    493.3     5996      -5.8      4  -40.6  U           U            
  16 30    489.7     6054      -6.2      8  -35.9                           
  16 40    486.6     6101      -6.7      8  -36.0                           
  16 50    483.4     6152      -7.2      8  -36.2                           
  17  0    480.0     6210      -7.7      8  -36.8                           
  17 10    476.9     6259      -8.2      9  -35.2                           
  17 20    473.8     6309      -8.6     16  -30.2                           
  17 30    470.4     6363      -9.0     14  -32.0                           
  17 40    467.1     6418      -9.4      6  -40.2                           
  17 50    464.0     6470      -9.8      5  -41.8                           
  18  0    460.7     6525     -10.2      6  -41.5                           
  18 10    457.1     6586     -10.7      5  -42.5                           
  18 20    453.9     6640     -11.2      5  -42.9 TU          TU            
  18 30    450.9     6691     -11.3      5  -44.0                           
  18 40    448.0     6740     -11.7      5  -43.4                           
  18 50    445.2     6788     -11.8      6  -42.5                           
  19  0    442.5     6835     -12.1      5  -43.9                           
  19 10    439.8     6881     -12.3      4  -46.0                           
  19 20    437.0     6930     -12.4      5  -45.4                           
  19 30    434.0     6982     -12.4      5  -44.4                           
  19 40    431.3     7030     -12.5      6  -43.3                           
  19 50    428.6     7078     -12.6      7  -41.0                           
  20  0    426.0     7125     -12.7      7  -41.6                           
  20 10    423.5     7170     -13.1      7  -41.9 T           T             
  20 20    421.0     7214     -12.9      6  -42.7                           
  20 30    418.3     7262     -12.7      7  -42.0 T           T             
  20 40    415.0     7322     -13.3     10  -38.6                           
  20 50    412.0     7379     -13.7     15  -34.7                           
  21  0    409.6     7423     -14.1     17  -33.7                           
  21 10    407.3     7466     -14.4     17  -33.9                           
  21 20    404.9     7510     -14.6     12  -38.0                           
  21 30    402.6     7554     -14.9     11  -38.6                           
  21 40    400.4     7594     -15.1     11  -39.0                           
  21 50    398.1     7639     -15.3     12  -38.8                           
  22  0    395.9     7681     -15.5     11  -39.1                           
  22  9    393.6     7723     -15.8     11  -39.4                           
  22 19    391.4     7765     -16.1     11  -40.0                           
  22 29    389.2     7809     -16.3     17  -36.1                           
  22 39    387.0     7853     -16.6     20  -34.7                           
  22 49    384.8     7895     -16.9     20  -34.5                           
  22 59    382.5     7939     -17.2     19  -35.7                           
  23  9    380.3     7982     -17.4     15  -37.9                           
  23 19    378.2     8024     -17.8     16  -37.9                           
  23 29    375.9     8068     -18.1     13  -40.0                           
  23 39    373.6     8115     -18.4     13  -40.3                           
  23 49    371.4     8160     -18.9     11  -42.2                           
  23 59    369.0     8207     -19.1     10  -43.2                           
  24  9    366.7     8254     -19.5      9  -44.3                           
  24 19    364.4     8301     -20.0      9  -44.7                           
  24 29    362.1     8347     -20.3      9  -45.7                           
  24 39    359.8     8395     -20.6      8  -46.3                           
  24 49    357.5     8442     -20.9      9  -46.1 TU          TU            
  24 59    355.2     8490     -21.3      8  -47.5                           
  25  9    352.9     8538     -21.7      7  -48.1                           
  25 19    350.7     8584     -22.1      8  -48.1                           
  25 29    348.6     8627     -22.5      8  -48.2                           
  25 39    346.3     8676     -22.9      8  -48.4                           
  25 49    344.1     8724     -23.3      8  -49.1                           
  25 59    341.8     8773     -23.6      8  -48.4                           
  26  9    339.6     8819     -23.9     10  -47.4                           
  26 19    337.3     8869     -24.3     15  -43.5                           
  26 29    335.1     8916     -24.7     19  -42.0                           
  26 39    332.9     8963     -25.2     19  -42.3                           
  26 49    330.9     9008     -25.6     19  -42.8                           
  26 59    328.7     9057     -26.1     19  -43.2                           
  27  9    326.4     9106     -26.6     19  -43.6                           
  27 19    324.2     9155     -27.0     19  -43.7                           
  27 29    322.2     9201     -27.4     20  -43.8                           
  27 39    320.1     9247     -27.9     21  -43.9                           
  27 49    318.1     9292     -28.4     21  -43.9                           
  27 59    316.0     9339     -28.8     21  -44.2                           
  28  9    314.0     9386     -29.3     22  -44.5                           
  28 19    312.0     9432     -29.7     22  -44.7                           
  28 29    309.9     9478     -29.9     19  -46.3                           
  28 39    307.9     9524     -30.1     21  -45.5                           
  28 49    305.9     9570     -30.5     20  -46.3                           
  28 59    303.9     9619     -30.9     21  -46.4                           
  29  9    301.6     9671     -31.3     20  -47.0                           
  29 19    298.7     9740     -31.8     20  -47.3                           
  29 29    296.1     9801     -32.4     22  -47.1                           
  29 39    293.9     9854     -33.0     24  -47.0                           
  29 49    291.9     9902     -33.4     26  -46.7                           
  29 59    290.0     9947     -33.8     26  -46.7                           
  30  9    288.2     9993     -34.2     27  -46.8                           
  30 19    286.3    10038     -34.5     26  -47.6                           
  30 29    284.3    10087     -35.0     27  -47.5                           
  30 39    282.3    10135     -35.3     27  -47.9                           
  30 49    280.4    10183     -35.6     27  -48.2                           
  30 59    278.4    10232     -35.8     28  -47.9                           
  31  9    276.6    10278     -36.1     30  -47.5                           
  31 19    274.6    10326     -36.5     31  -47.6                           
  31 29    272.7    10375     -36.9     32  -47.6                           
  31 39    270.9    10422     -37.4     35  -47.3                           
  31 49    269.0    10470     -37.7     35  -47.7                           
  31 59    267.2    10517     -38.1     32  -48.8                           
  32  9    265.3    10566     -38.6     33  -48.9                           
  32 19    263.3    10616     -39.1     37  -48.5                           
  32 29    261.5    10664     -39.6     40  -48.1                           
  32 39    259.6    10713     -40.0     42  -48.1                           
  32 49    257.8    10763     -40.5     42  -48.6                           
  32 59    255.9    10812     -40.9     40  -49.5                           
  33  9    254.1    10860     -41.4     39  -50.0                           
  33 19    252.2    10909     -41.8     38  -50.7                           
  33 29    250.5    10957     -42.2     38  -51.0                           
  33 39    248.7    11007     -42.6     37  -51.7                           
  33 49    247.0    11052     -43.0     37  -52.0                           
  33 59    245.2    11101     -43.5     36  -52.7 TU          TU            
  34  9    243.5    11148     -43.8     32  -54.0                           
  34 19    241.8    11196     -44.1     29  -55.0                           
  34 29    240.1    11243     -44.4     29  -55.3                           
  34 39    238.3    11291     -44.8     26  -56.6                           
  34 49    236.6    11340     -45.2     28  -56.5                           
  34 59    234.9    11388     -45.6     27  -57.1                           
  35  9    233.2    11436     -45.8     24  -58.2                           
  35 19    231.6    11481     -46.1     22  -59.1                           
  35 29    229.9    11532     -46.3     16  -62.0                           
  35 39    228.2    11580     -46.6     15  -62.7                           
  35 49    226.5    11628     -46.7     11  -65.2                           
  35 59    224.8    11678     -46.9      9  -67.1                           
  36  9    223.1    11731     -46.8      7  -68.6                           
  36 19    221.2    11788     -47.2      8  -67.5                           
  36 29    219.6    11836     -47.5     10  -66.4 TU          TU            
  36 39    218.0    11884     -48.0     11  -66.2                           
  36 49    216.4    11932     -48.4     10  -66.9                           
  36 59    214.8    11980     -48.8     10  -67.3                           
  37  9    213.2    12028     -49.3     11  -67.2                           
  37 19    211.6    12077     -49.7     12  -67.2                           
  37 29    210.1    12126     -50.1     12  -67.1                           
  37 39    208.6    12173     -50.5     13  -67.0                           
  37 49    207.1    12220     -51.0     13  -67.4                           
  37 59    205.6    12264     -51.4     13  -67.5                           
  38  9    204.0    12319     -51.9     14  -67.7                           
  38 19    202.4    12367     -52.2     13  -68.5                           
  38 29    200.8    12421     -52.6     12  -69.5                           
  38 39    199.3    12467     -52.9     10  -70.9                           
  38 49    197.9    12514     -53.3     10  -71.0                           
  38 59    196.4    12563     -53.7     12  -70.6                           
  39  9    194.9    12609     -54.1     13  -70.1                           
  39 19    193.5    12656     -54.6     14  -69.9                           
  39 29    192.1    12702     -55.1     15  -69.7                           
  39 39    190.6    12752     -55.5     16  -69.6                           
  39 49    189.2    12802     -56.0     17  -69.8                           
  39 59    187.7    12850     -56.4     17  -70.1                           
  40  9    186.3    12898     -56.8     17  -70.6                           
  40 19    184.9    12947     -57.3     19  -70.1                           
  40 29    183.5    12995     -57.6     22  -69.3                           
  40 39    182.1    13043     -58.1     22  -69.6                           
  40 49    180.7    13090     -58.4     23  -69.7                           
  40 59    179.3    13140     -58.9     23  -70.1                           
  41  9    177.9    13190     -59.1     20  -71.4                           
  41 19    176.4    13240     -59.3     16  -73.1                           
  41 29    175.1    13290     -59.6     15  -73.7                           
  41 39    173.6    13341     -59.8     15  -74.0                           
  41 49    172.2    13391     -60.2     15  -74.2  U           U            
  41 59    170.8    13442     -60.6     16  -74.0                           
  42  9    169.4    13493     -61.2     18  -74.0                           
  42 19    168.0    13544     -61.6     19  -73.8                           
  42 29    166.6    13597     -62.1     20  -74.0                           
  42 39    165.2    13651     -62.7     22  -73.9                           
  42 49    163.8    13703     -63.2     23  -73.9                           
  42 59    162.3    13757     -63.7     25  -74.0                           
  43  9    161.0    13808     -64.2     27  -73.8                           
  43 19    159.6    13861     -64.7     28  -74.0                           
  43 29    158.2    13915     -65.2     30  -74.0                           
  43 39    156.8    13968     -65.7     32  -74.0                           
  43 49    155.5    14021     -66.2     33  -74.2                           
  43 59    154.2    14071     -66.6     36  -74.0                           
  44  9    152.8    14126     -67.2     37  -74.3                           
  44 19    151.5    14178     -67.5     37  -74.6                           
  44 29    150.1    14231     -67.9     37  -75.0                           
  44 39    148.8    14283     -68.2     36  -75.6                           
  44 49    147.5    14337     -68.7     36  -75.9                           
  44 59    146.1    14394     -69.3     37  -76.2                           
  45  9    144.8    14448     -69.7     39  -76.3                           
  45 19    143.6    14498     -70.2     41  -76.4                           
  45 29    142.4    14548     -70.6     44  -76.3                           
  45 39    141.1    14601     -71.1     48  -76.3                           
  45 49    139.9    14653     -71.6     51  -76.3                           
  45 59    138.7    14702     -72.0     52  -76.6                           
  46  9    137.5    14755     -72.4     54  -76.7  U           U            
  46 19    136.3    14803     -72.8     53  -77.2 TU          TU            
  46 29    135.2    14852     -72.9     51  -77.6                           
  46 39    134.0    14903     -73.2     46  -78.4                           
  46 49    132.9    14955     -72.8     40  -78.9                           
  46 59    131.6    15011     -72.7     32  -80.3                           
  47  9    130.4    15065     -72.7     29  -80.9                           
  47 19    129.3    15115     -72.5     25  -81.9                           
  47 29    128.1    15168     -72.6     23  -82.4                           
  47 39    127.1    15217     -72.9     22  -82.8                           
  47 49    125.9    15269     -73.4     22  -83.4                           
  47 59    124.8    15319     -73.4     21  -83.7 TU          TU            
  48  9    123.8    15371     -73.2     20  -83.9                           
  48 19    122.7    15423     -73.2     19  -84.0                           
  48 29    121.6    15474     -73.2     19  -84.0                           
  48 39    120.5    15525     -73.4     20  -84.1                           
  48 49    119.5    15575     -73.6     20  -84.0                           
  48 59    118.4    15627     -73.9     21  -84.0                           
  49  9    117.4    15680     -74.4     22  -84.2                           
  49 19    116.3    15734     -74.8     23  -84.3                           
  49 29    115.2    15788     -75.2     24  -84.4                           
  49 39    114.1    15845     -75.6     25  -84.5                           
  49 49    112.9    15908     -75.6     25  -84.5                           
  49 59    111.7    15967     -75.9     27  -84.5                           
  50  9    110.6    16023     -76.3     28  -84.5                           
  50 19    109.5    16082     -76.7     29  -84.6                           
  50 29    108.4    16138     -76.9     30  -84.7                           
  50 39    107.4    16194     -77.0     29  -84.8                           
  50 49    106.4    16248     -77.4     30  -85.1                           
  50 59    105.3    16305     -77.8     30  -85.4                           
  51  9    104.3    16361     -78.1     31  -85.6                           
  51 19    103.3    16414     -78.5     32  -85.7                           
  51 29    102.4    16467     -78.9     33  -85.9                           
  51 39    101.4    16519     -79.4     34  -86.2                           
  51 49    100.5    16571     -79.8     37  -86.1 TU          TU            
  51 59     99.6    16624     -80.2     39  -86.2                           
  52  9     98.7    16674     -80.6     40  -86.3                           
  52 19     97.8    16724     -80.9     41  -86.4                           
  52 29     97.0    16773     -81.2     42  -86.5                           
  52 39     96.2    16821     -81.3     43  -86.5                           
  52 49     95.3    16869     -81.5     43  -86.7                           
  52 59     94.5    16914     -81.9     44  -86.9                           
  53  9     93.8    16962     -82.0     45  -86.9                           
  53 19     93.0    17009     -82.2     45  -87.2                           
  53 29     92.2    17054     -82.5     45  -87.4 TU     Tr   TU     Tr     
  53 39     91.5    17101     -82.5     41  -87.9                           
  53 49     90.7    17150     -81.6     36  -87.9                           
  53 59     89.9    17196     -80.6     30  -88.0                           
  54  9     89.1    17246     -77.3     24  -86.5                           
  54 19     88.4    17295     -76.8     23  -86.1                           
  54 29     87.6    17345     -76.0     21  -85.9                           
  54 39     86.8    17400     -74.7     18  -85.6                           
  54 49     86.0    17454     -73.9     16  -85.7                           
  54 59     85.1    17511     -73.6     15  -85.9 TU          TU            
  55  9     84.3    17569     -73.8     15  -86.1                           
  55 19     83.4    17628     -74.3     15  -86.6                           
  55 29     82.6    17686     -74.6     15  -86.7                           
  55 39     81.8    17747     -74.9     16  -86.8                           
  55 49     81.0    17804     -75.3     17  -86.8                           
  55 59     80.2    17860     -75.7     17  -86.9                           
  56  9     79.4    17918     -75.8     17  -86.9                           
  56 20     78.6    17974     -75.6     17  -86.7                           
  56 30     77.9    18029     -75.8     18  -86.8                           
  56 40     77.2    18080     -76.1     18  -87.1                           
  56 50     76.5    18135     -75.9     18  -86.9                           
  57  0     75.8    18186     -76.0     18  -86.9                           
  57 10     75.1    18238     -76.1     18  -87.0                           
  57 20     74.5    18287     -76.3     18  -87.1                           
  57 30     73.8    18337     -76.4     18  -87.1                           
  57 40     73.2    18390     -76.4     18  -87.3                           
  57 50     72.5    18439     -76.5     18  -87.4                           
  58  0     71.9    18492     -76.4     17  -87.4                           
  58 10     71.2    18546     -76.2     17  -87.3                           
  58 20     70.5    18599     -76.5     17  -87.5                           
  58 30     69.9    18651     -76.5     17  -87.7                           
  58 40     69.2    18705     -76.3     17  -87.6                           
  58 50     68.6    18758     -76.5     17  -87.8                           
  59  0     68.0    18812     -76.7     16  -88.2 T           T             
  59 10     67.4    18862     -76.4     15  -88.3                           
  59 20     66.7    18920     -76.1     14  -88.5                           
  59 30     66.0    18978     -75.5     13  -88.3                           
  59 40     65.4    19033     -75.2     12  -88.4                           
  59 50     64.8    19090     -75.0     12  -88.5                           
  60  0     64.2    19148     -75.0     12  -88.5                           
  60 10     63.5    19203     -75.2     12  -88.7                           
  60 20     62.9    19261     -75.3     11  -89.0                           
  60 30     62.3    19318     -75.1     11  -89.2                           
  60 40     61.6    19378     -74.3     10  -88.9                           
  60 50     61.0    19437     -74.3     10  -88.9                           
  61  0     60.4    19495     -74.3     10  -89.0                           
  61 10     59.8    19551     -74.5      9  -89.5 T           T             
  61 20     59.2    19610     -73.9      8  -89.8                           
  61 30     58.6    19670     -73.2      7  -90.0                           
  61 40     58.1    19725     -71.8      6  -89.9                           
  61 50     57.5    19782     -69.9      5  -89.6                           
  62  0     57.0    19836     -69.0      4  -89.4                           
  62 10     56.5    19890     -68.8      4  -89.7                           
  62 20     55.9    19952     -68.6      3  -90.5                           
  62 30     55.4    20008     -66.5      3  -89.8                           
  62 40     54.9    20067     -65.7      3  -89.7                           
  62 50     54.4    20113     -65.1      2  -89.4 TU          TU            
  63  0     54.0    20164     -65.1      3  -89.4                           
  63 10     53.5    20215     -65.3      3  -89.2                           
  63 20     53.1    20263     -65.5      3  -89.1                           
  63 30     52.6    20317     -65.8      3  -89.0                           
  63 40     52.2    20372     -66.2      3  -89.0                           
  63 50     51.7    20430     -66.4      3  -89.0                           
  64  0     51.2    20489     -66.7      3  -89.1                           
  64 10     50.7    20548     -66.8      3  -89.2                           
  64 20     50.2    20605     -67.0      3  -89.5 T           T             
  64 30     49.7    20666     -66.8      3  -89.6                           
  64 40     49.2    20726     -66.7      3  -89.8                           
  64 50     48.7    20785     -65.7      3  -89.5                           
  65  0     48.2    20845     -65.4      3  -89.5                           
  65 10     47.7    20910     -65.4      3  -89.4                           
  65 20     47.3    20970     -65.4      3  -89.3                           
  65 30     46.8    21033     -65.4      3  -89.3                           
  65 40     46.3    21096     -65.3      3  -89.3                           
  65 50     45.8    21157     -65.3      3  -89.4                           
  66  0     45.4    21216     -65.0      2  -89.4                           
  66 10     44.9    21278     -64.5      2  -89.5                           
  66 20     44.5    21335     -64.0      2  -89.2                           
  66 30     44.1    21396     -64.0      2  -89.1                           
  66 40     43.7    21454     -64.0      2  -88.8                           
  66 50     43.2    21514     -64.4      3  -88.8                           
  67  0     42.8    21570     -64.5      3  -88.8                           
  67 10     42.4    21628     -64.7      3  -89.1                           
  67 20     42.0    21689     -64.5      3  -88.9                           
  67 30     41.6    21747     -64.7      3  -88.9                           
  67 40     41.2    21808     -65.2      3  -89.1                           
  67 50     40.8    21864     -65.5      3  -89.4                           
  68  0     40.4    21921     -65.1      2  -89.7                           
  68 10     40.1    21979     -63.9      2  -89.4                           
  68 20     39.7    22036     -63.7      2  -89.6                           
  68 30     39.3    22094     -62.9      2  -89.1                           
  68 40     38.9    22155     -62.6      2  -88.9                           
  68 50     38.5    22217     -62.5      2  -88.7                           
  69  0     38.2    22274     -62.3      2  -88.4                           
  69 10     37.8    22335     -62.4      2  -88.2                           
  69 20     37.4    22395     -62.6      2  -88.1                           
  69 30     37.1    22456     -63.1      2  -88.2                           
  69 40     36.7    22516     -63.3      2  -88.4                           
  69 50     36.3    22579     -63.5      2  -88.7                           
  70  0     36.0    22640     -62.8      2  -88.7                           
  70 10     35.6    22703     -62.4      2  -88.8                           
  70 20     35.3    22763     -61.7      2  -88.5                           
  70 30     34.9    22824     -61.4      2  -88.2                           
  70 40     34.6    22886     -61.5      2  -88.0                           
  70 50     34.2    22951     -61.5      2  -87.8                           
  71  0     33.9    23010     -61.7      2  -87.9                           
  71 10     33.5    23077     -61.6      2  -87.8                           
  71 20     33.2    23144     -62.0      2  -87.9                           
  71 30     32.8    23208     -62.2      2  -87.9                           
  71 40     32.5    23269     -62.4      2  -88.1                           
  71 50     32.1    23336     -62.2      2  -88.1                           
  72  0     31.8    23398     -62.3      2  -88.2                           
  72 10     31.5    23462     -62.3      2  -88.3                           
  72 20     31.2    23527     -62.1      2  -88.4                           
  72 30     30.9    23591     -61.8      2  -88.3                           
  72 40     30.5    23655     -61.6      2  -88.2                           
  72 50     30.2    23716     -61.6      2  -88.0                           
  73  0     29.9    23774     -61.5      2  -88.0                           
  73 10     29.6    23842     -61.5      2  -88.0                           
  73 20     29.3    23903     -61.2      2  -87.9                           
  73 30     29.1    23962     -61.2      2  -87.9                           
  73 40     28.8    24025     -61.0      2  -87.9                           
  73 50     28.5    24085     -60.7      2  -87.8                           
  74  0     28.2    24148     -60.4      2  -87.7                           
  74 10     27.9    24210     -60.1      2  -87.4                           
  74 20     27.6    24273     -60.0      2  -87.3 T           T             
  74 30     27.4    24333     -60.1      2  -87.1                           
  74 40     27.1    24394     -60.5      2  -87.1                           
  74 50     26.8    24458     -60.7      2  -87.2                           
  75  0     26.6    24523     -60.9      2  -87.4                           
  75 10     26.3    24586     -60.8      2  -87.5                           
  75 20     26.0    24647     -60.5      2  -87.4                           
  75 30     25.8    24713     -60.5      2  -87.4                           
  75 40     25.5    24772     -60.7      2  -87.5                           
  75 50     25.2    24834     -60.6      2  -87.6 T           T             
  76  0     25.0    24900     -60.2      2  -87.5                           
  76 10     24.7    24965     -59.7      2  -87.4                           
  76 20     24.5    25030     -59.3      2  -87.4                           
  76 30     24.2    25091     -58.6      2  -87.0                           
  76 40     24.0    25156     -58.3      2  -86.8                           
  76 50     23.8    25216     -58.0      2  -86.5                           
  77  0     23.5    25284     -58.0      2  -86.3                           
  77 10     23.3    25351     -58.0      2  -86.1                           
  77 20     23.0    25414     -58.1      2  -86.2                           
  77 30     22.8    25482     -58.0      2  -86.1                           
  77 40     22.6    25544     -57.7      2  -86.1                           
  77 50     22.3    25614     -57.4      2  -86.2                           
  78  0     22.1    25672     -56.8      2  -86.0                           
  78 10     21.9    25738     -56.3      2  -85.7                           
  78 20     21.6    25806     -56.1      2  -85.5                           
  78 30     21.4    25872     -55.8      2  -85.3                           
  78 40     21.2    25936     -55.7      2  -85.3                           
  78 50     21.0    25998     -55.3      2  -85.1                           
  79  0     20.8    26067     -54.8      1  -84.9                           
  79 10     20.6    26133     -54.3      1  -84.6                           
  79 20     20.4    26197     -53.9      1  -84.3 T           T             
  79 30     20.1    26266     -54.0      1  -84.2                           
  79 40     19.9    26327     -53.9      1  -84.1                           
  79 50     19.7    26391     -53.7      1  -84.0                           
  80  0     19.5    26456     -53.6      1  -83.9                           
  80 10     19.3    26528     -53.7      2  -84.0                           
  80 20     19.1    26594     -53.5      2  -83.8                           
  80 30     18.9    26659     -53.6      2  -83.7                           
  80 40     18.7    26724     -53.9      2  -83.8                           
  80 50     18.6    26795     -54.2      2  -84.0                           
  81  0     18.4    26862     -54.2      2  -84.0                           
  81 10     18.2    26927     -54.2      2  -84.2                           
  81 20     18.0    27004     -53.8      1  -84.1                           
  81 30     17.8    27067     -53.7      1  -84.0                           
  81 40     17.6    27135     -53.6      1  -84.0                           
  81 50     17.4    27203     -53.6      1  -83.9                           
  82  0     17.2    27273     -53.6      1  -83.9                           
  82 10     17.0    27344     -53.5      1  -83.8                           
  82 20     16.9    27406     -53.5      1  -83.8                           
  82 30     16.7    27471     -53.5      1  -83.9 T           T             
  82 40     16.5    27533     -53.1      1  -83.8                           
  82 50     16.4    27601     -52.6      1  -83.8                           
  83  0     16.2    27674     -51.9      1  -83.6                           
  83 10     16.0    27733     -51.2      1  -83.2                           
  83 20     15.9    27802     -51.2      1  -83.1                           
  83 30     15.7    27872     -50.9      1  -82.9                           
  83 40     15.5    27933     -50.6      1  -82.8                           
  83 50     15.4    28000     -50.3      1  -82.7                           
  84  0     15.2    28071     -49.8      1  -82.4                           
  84 10     15.1    28131     -49.0      1  -82.0                           
  84 20     14.9    28198     -49.0      1  -81.9                           
  84 30     14.8    28266     -49.1      1  -81.9                           
  84 40     14.6    28327     -48.9      1  -81.7 T           T             
  84 50     14.5    28395     -49.1      1  -81.6                           
  85  0     14.3    28466     -49.3      1  -81.6                           
  85 10     14.2    28531     -49.6      1  -81.7 TU          TU            
