

Complete listing of Fine Structure file
File:  D:\ICEA\PTU\SBBE202510062300PTU.txt

Started at        6 October 2025 23:16 UTC

Station  :       82193 2025 10  6 23 16
Location :       1.39 S 48.48 W        14 m/MSL

RS type       :  RS41-SGP
RS-number     :  W4314302
Sounding processor serial number: 0


Ground check  :     Ref     RS   Corr

  Pressure    :  1009.3 1007.4    1.9
  Temperature :   /////  /////  /////
  Humidity    :   /////  /////  /////

Clouds    : 50930
Special 1 : /////
Special 2 : /////

Telemetry noise level  :  100 %

                 P      T      U
Accepted (%) : /////  /////  /////
Replaced (%) : /////  /////  /////
Rejected (%) : /////  /////  /////

GPS data quality
    Valid raw wind ratio        :  ///// %
    Valid raw wind on 5 ratio   :  ///// %
    Invalid raw wind on 4 ratio :  ///// %
    Poor PDOP ratio             :  ///// %
    Unidentified signals ratio  :  ///// %
    Mean satellite track count  :  /////
    Mean track count valid      :  /////
    Gaps over 1 min             :  ///// min


Reason for termination : IncreasingPressure

   Time Pressure   Height  Temperature  RH   Dewp   Significance flags

 min  s      hPa      gpm     deg C      %  deg C  Automatic  Operator

   0  0   1009.0       19      24.3     93   23.1 TU          TU            
   0 10   1003.4       67      24.2     89   22.2                           
   0 20    997.0      124      25.5     75   20.7                           
   0 30    990.6      181      26.6     70   20.8 TU          TU            
   0 40    984.6      235      26.4     71   20.8                           
   0 50    978.5      290      25.9     73   20.7                           
   1  0    971.9      349      25.3     76   20.8                           
   1 10    965.2      410      24.8     78   20.7                           
   1 20    958.8      468      24.2     81   20.8                           
   1 30    952.4      528      23.6     85   20.9                           
   1 40    945.9      588      23.1     87   20.9                           
   1 50    939.5      648      22.6     89   20.7                           
   2  0    933.0      708      22.1     92   20.7                           
   2 10    926.7      767      21.6     94   20.7                           
   2 20    920.4      826      21.2     95   20.3                           
   2 30    914.0      887      20.6     97   20.1                           
   2 40    907.6      949      20.2     91   18.7 T           T             
   2 50    901.4     1007      20.1     92   18.7                           
   3  0    895.1     1067      19.8     90   18.1                           
   3 10    888.9     1129      20.1     83   17.1                           
   3 20    882.7     1188      19.5     87   17.2                           
   3 30    876.7     1246      18.9     90   17.3                           
   3 40    870.5     1309      19.1     90   17.5                           
   3 50    864.4     1370      18.7     92   17.5                           
   4  0    858.2     1431      18.3     94   17.3                           
   4 10    852.2     1492      17.8     96   17.2                           
   4 20    846.3     1552      17.3     98   17.0                           
   4 30    840.2     1613      17.0     99   16.8  U           U            
   4 40    834.1     1677      16.7     97   16.2                           
   4 50    828.1     1737      16.6     95   15.8                           
   5  0    821.9     1802      16.3     94   15.4                           
   5 10    816.1     1863      16.0     94   15.1                           
   5 20    810.4     1923      15.7     94   14.7                           
   5 30    804.0     1991      15.2     94   14.3                           
   5 40    798.2     2050      14.9     93   13.8                           
   5 50    792.7     2109      14.5     94   13.6                           
   6  0    787.2     2168      14.2     93   13.1                           
   6 10    781.6     2228      13.7     95   12.9                           
   6 20    776.2     2287      13.4     94   12.4                           
   6 30    770.6     2351      13.2     93   12.0                           
   6 40    765.1     2409      12.9     90   11.4                           
   6 50    758.9     2478      12.7     87   10.7                           
   7  0    753.0     2545      12.7     82    9.8                           
   7 10    747.5     2606      12.4     80    9.1                           
   7 20    742.2     2664      12.3     74    7.9                           
   7 30    736.5     2729      12.4     72    7.5                           
   7 40    730.9     2793      12.1     72    7.3                           
   7 50    725.1     2860      11.7     76    7.6                           
   8  0    719.4     2926      11.7     67    5.8                           
   8 10    713.7     2994      11.2     69    5.7                           
   8 20    708.2     3059      10.8     68    5.2                           
   8 30    702.6     3125      10.7     60    3.2                           
   8 40    696.8     3193      10.6     60    3.3                           
   8 50    691.3     3257      10.3     56    2.0                           
   9  0    686.1     3323       9.7     58    1.8                           
   9 10    680.8     3387       9.4     60    2.0                           
   9 20    675.4     3453       9.2     60    1.9                           
   9 30    669.9     3521       8.6     60    1.4                           
   9 40    664.6     3589       8.3     56    0.1                           
   9 50    660.1     3643       8.1     55   -0.3                           
  10  0    655.6     3697       7.8     54   -0.9                           
  10 10    650.3     3768       7.6     59    0.1                           
  10 20    645.6     3823       7.3     54   -1.3 TU          TU            
  10 29    640.4     3893       6.8     55   -1.5                           
  10 39    636.0     3947       6.3     61   -0.8                           
  10 49    631.4     4008       5.7     64   -0.6                           
  10 59    626.7     4072       5.1     69   -0.0                           
  11  9    621.9     4131       4.6     74    0.3                           
  11 19    616.9     4199       4.0     77    0.3                           
  11 29    612.5     4256       3.9     79    0.5  U           U            
  11 39    608.3     4314       3.7     75   -0.3                           
  11 49    604.2     4366       3.6     74   -0.7                           
  11 59    599.3     4436       3.2     75   -0.8                           
  12  9    595.2     4489       2.8     75   -1.2                           
  12 19    591.1     4546       2.3     76   -1.5                           
  12 29    586.3     4612       1.7     78   -1.7                           
  12 39    581.4     4680       1.1     78   -2.4                           
  12 49    576.9     4741       0.7     77   -2.9                           
  12 59    572.2     4807       0.6     73   -3.6                           
  13  9    567.5     4874       0.2     73   -4.1                           
  13 19    563.7     4926      -0.2     71   -4.8                           
  13 29    559.7     4985      -0.4     71   -5.1                           
  13 39    555.4     5047      -1.0     74   -5.1                           
  13 49    551.6     5102      -1.5     76   -5.1                           
  13 59    547.3     5164      -2.0     80   -5.0                           
  14  9    543.1     5223      -2.4     83   -5.0  U           U            
  14 19    539.8     5273      -2.3     73   -6.5                           
  14 29    536.7     5317      -2.4     73   -6.6                           
  14 39    532.7     5377      -2.7     72   -7.0                           
  14 49    528.7     5439      -3.2     74   -7.2                           
  14 59    524.8     5498      -3.6     73   -7.7                           
  15  9    520.9     5557      -4.2     76   -7.8                           
  15 19    517.0     5613      -4.7     76   -8.2                           
  15 29    512.8     5682      -5.4     81   -8.2                           
  15 39    509.6     5729      -5.8     83   -8.3                           
  15 49    506.1     5781      -6.1     79   -9.0                           
  15 59    502.6     5837      -6.5     80   -9.3                           
  16  9    499.3     5888      -6.9     80   -9.7                           
  16 19    496.1     5937      -7.3     84   -9.5                           
  16 29    492.3     5997      -7.8     86   -9.8                           
  16 39    488.0     6065      -8.2     84  -10.4                           
  16 49    484.3     6126      -8.8     86  -10.7                           
  16 59    480.6     6186      -9.2     87  -11.0                           
  17  9    476.8     6246      -9.8     95  -10.5                           
  17 19    473.5     6298     -10.2     97  -10.6                           
  17 29    469.8     6361     -10.7     99  -10.8 TU          TU            
  17 39    466.1     6421     -11.0     99  -11.1                           
  17 49    461.9     6490     -11.4    100  -11.4                           
  17 59    458.0     6557     -11.7    100  -11.7                           
  18  9    454.3     6616     -12.0    100  -12.0  U           U            
  18 19    450.9     6677     -12.5    100  -12.5                           
  18 29    447.7     6730     -12.4    100  -12.4                           
  18 39    444.9     6778     -12.7    100  -12.7                           
  18 49    441.9     6829     -13.0     92  -13.9                           
  18 59    439.0     6880     -13.2     86  -15.0                           
  19  9    436.1     6928     -13.4     85  -15.4                           
  19 19    433.1     6984     -13.6     85  -15.7                           
  19 29    429.8     7040     -13.8     90  -15.1                           
  19 39    426.3     7101     -14.0     93  -14.9  U           U            
  19 49    422.9     7164     -14.0     74  -17.6                           
  19 59    419.6     7225     -14.2     57  -20.8                           
  20  9    416.7     7277     -14.0     23  -30.8  U           U            
  20 19    414.3     7320     -13.6     20  -31.9                           
  20 29    411.9     7364     -13.8     16  -34.3 TU          TU            
  20 39    409.5     7408     -14.1     15  -35.3                           
  20 49    407.0     7454     -14.5     14  -35.9                           
  20 59    404.4     7504     -15.0     15  -35.7                           
  21  9    401.9     7551     -15.4     15  -36.2                           
  21 19    399.4     7598     -15.8     15  -36.3                           
  21 29    397.0     7643     -16.2     17  -35.9                           
  21 39    394.6     7689     -16.7     17  -36.3                           
  21 49    392.2     7735     -17.1     17  -36.4                           
  21 59    389.6     7784     -17.5     21  -34.7                           
  22  9    386.9     7836     -17.9     24  -33.7                           
  22 19    383.9     7895     -18.5     25  -33.7                           
  22 29    381.5     7942     -18.8     19  -36.9                           
  22 39    379.2     7985     -19.1     19  -37.0                           
  22 49    376.9     8029     -19.5     20  -37.0                           
  22 59    374.6     8076     -19.9     20  -37.0                           
  23  9    372.1     8125     -20.3     21  -37.1                           
  23 19    369.8     8172     -20.8     22  -37.2                           
  23 29    367.4     8220     -21.2     23  -37.1                           
  23 39    365.1     8265     -21.6     23  -37.1                           
  23 49    362.7     8315     -22.0     24  -37.0                           
  23 59    360.3     8363     -22.4     26  -36.8                           
  24  9    358.0     8410     -22.9     27  -36.8                           
  24 19    355.8     8456     -23.2     28  -36.7                           
  24 29    353.3     8508     -23.6     30  -36.4                           
  24 39    350.8     8558     -23.9     34  -35.4                           
  24 49    348.3     8610     -24.1     39  -34.3                           
  24 59    346.1     8657     -24.4     47  -32.6                           
  25  9    344.1     8700     -24.6     48  -32.6                           
  25 19    341.9     8745     -24.9     46  -33.2 TU          TU            
  25 29    338.8     8814     -24.5     28  -37.9 T           T             
  25 39    335.9     8873     -24.7     25  -39.2                           
  25 49    332.6     8947     -24.8     21  -41.1  U           U            
  25 59    329.9     9007     -25.2     23  -40.5                           
  26  9    327.4     9059     -25.5     27  -39.1 T           T             
  26 19    324.7     9120     -26.0     31  -38.3                           
  26 29    322.2     9177     -26.3     35  -37.4                           
  26 39    319.7     9236     -26.8     37  -37.3                           
  26 49    317.6     9280     -27.2     35  -38.0                           
  26 59    315.8     9323     -27.6     29  -40.4                           
  27  9    314.0     9361     -28.0     30  -40.2                           
  27 19    312.2     9403     -28.4     29  -40.8                           
  27 29    310.6     9441     -28.7     37  -38.9                           
  27 39    308.7     9485     -29.1     34  -40.0                           
  27 49    306.8     9528     -29.5     36  -40.0                           
  27 59    305.1     9567     -29.9     34  -40.7  U           U            
  28  9    303.3     9609     -30.2     45  -38.4                           
  28 19    301.2     9659     -30.6     48  -38.2                           
  28 29    299.1     9709     -31.1     50  -38.2 T           T             
  28 39    297.1     9754     -31.4     57  -37.3                           
  28 49    294.6     9816     -31.9     65  -36.4                           
  28 59    292.6     9865     -32.3     77  -35.0                           
  29  9    290.8     9909     -32.6     81  -34.8                           
  29 19    288.9     9955     -32.9     83  -34.8  U           U            
  29 29    287.2     9996     -33.1     78  -35.7                           
  29 39    285.4    10039     -33.2     60  -38.3                           
  29 49    283.6    10084     -33.4     50  -40.3                           
  29 59    281.7    10133     -33.8     46  -41.4                           
  30  9    279.8    10181     -34.1     36  -44.1 T           T             
  30 19    278.0    10223     -34.5     27  -47.2  U           U            
  30 29    276.2    10269     -34.9     22  -49.4                           
  30 39    274.5    10312     -35.2     18  -51.5                           
  30 49    272.8    10356     -35.6     15  -53.3                           
  30 59    271.1    10399     -36.0     15  -53.7                           
  31  9    269.4    10444     -36.4     14  -54.2  U           U            
  31 19    267.6    10487     -36.8     15  -54.3                           
  31 29    265.8    10536     -37.2     17  -53.6                           
  31 39    264.0    10582     -37.6     26  -50.2                           
  31 49    262.3    10628     -37.9     19  -53.0                           
  31 59    260.4    10678     -38.3     15  -55.3                           
  32  9    258.4    10730     -38.7     16  -55.6                           
  32 19    256.6    10779     -39.1     14  -56.6                           
  32 29    254.8    10826     -39.6     15  -56.8                           
  32 39    253.0    10874     -40.0     14  -57.4                           
  32 49    251.2    10924     -40.4     13  -58.3                           
  32 59    249.4    10971     -40.7     10  -60.9                           
  33  9    247.7    11020     -41.0      7  -64.1                           
  33 19    245.9    11069     -41.4      7  -64.6                           
  33 29    244.1    11118     -41.9      7  -64.7                           
  33 39    242.4    11166     -42.3      7  -65.3                           
  33 49    240.6    11217     -42.8      6  -66.7                           
  33 59    238.7    11269     -43.3      6  -66.5                           
  34  9    236.9    11319     -43.5      5  -67.7  U           U            
  34 19    235.1    11371     -43.9      6  -67.8                           
  34 29    233.3    11423     -44.4      6  -67.9                           
  34 39    231.5    11474     -44.8      6  -67.6                           
  34 49    229.8    11525     -45.2      7  -67.7                           
  34 59    227.9    11579     -45.7      7  -68.0                           
  35  9    226.1    11631     -46.1      7  -68.2                           
  35 19    224.4    11683     -46.6      7  -68.3                           
  35 29    222.5    11739     -47.1      7  -68.4                           
  35 39    220.5    11798     -47.5      7  -68.9                           
  35 49    218.6    11854     -47.9      7  -69.3                           
  35 59    216.8    11910     -48.3      7  -69.2                           
  36  9    214.9    11966     -48.8      8  -68.6                           
  36 19    213.1    12024     -49.1      9  -68.2                           
  36 29    211.3    12080     -49.6      9  -69.3                           
  36 39    209.4    12137     -50.2      9  -69.3                           
  36 49    207.6    12195     -50.6      8  -70.3                           
  36 59    205.8    12252     -51.1      8  -71.0                           
  37  9    204.1    12305     -51.6      8  -71.0  U           U            
  37 19    202.3    12361     -52.0     10  -70.3                           
  37 29    200.6    12417     -52.5     12  -69.0                           
  37 39    198.8    12473     -53.0     15  -68.2                           
  37 49    197.1    12529     -53.5     19  -66.7                           
  37 59    195.4    12585     -54.0     30  -63.9                           
  38  9    193.8    12639     -54.6     33  -63.5                           
  38 19    192.2    12691     -55.0     33  -63.9                           
  38 29    190.7    12741     -55.5     34  -64.2                           
  38 39    189.2    12792     -56.0     35  -64.4                           
  38 49    187.7    12840     -56.5     34  -65.1                           
  38 59    186.3    12889     -57.0     30  -66.3                           
  39  9    184.9    12936     -57.4     28  -67.2                           
  39 19    183.5    12984     -57.8     28  -67.6                           
  39 29    182.1    13032     -58.2     29  -67.8                           
  39 39    180.8    13079     -58.6     29  -68.1                           
  39 49    179.5    13125     -59.1     31  -68.0                           
  39 59    178.1    13172     -59.5     32  -68.2 T           T             
  40  9    176.8    13218     -59.8     31  -68.7                           
  40 19    175.5    13265     -60.1     34  -68.5                           
  40 29    174.2    13311     -60.5     39  -67.8                           
  40 39    172.9    13359     -60.8     48  -66.5                           
  40 49    171.6    13405     -61.2     54  -65.9                           
  40 59    170.2    13455     -61.5     55  -66.1  U           U            
  41  9    168.9    13502     -61.8     52  -66.8                           
  41 19    167.6    13550     -62.2     50  -67.5                           
  41 29    166.2    13602     -62.7     48  -68.3                           
  41 39    164.9    13649     -63.0     47  -68.8                           
  41 49    163.6    13697     -63.4     46  -69.2                           
  41 59    162.4    13745     -63.9     47  -69.5                           
  42  9    161.0    13796     -64.2     48  -69.7                           
  42 19    159.6    13851     -64.5     48  -69.9                           
  42 29    158.2    13903     -64.9     48  -70.4                           
  42 39    156.8    13958     -65.5     48  -70.8                           
  42 49    155.5    14008     -65.9     48  -71.3                           
  42 59    154.1    14066     -66.5     46  -72.2                           
  43  9    152.7    14119     -67.0     43  -73.1                           
  43 19    151.3    14174     -67.1     38  -74.0                           
  43 29    149.5    14246     -67.5     40  -74.1                           
  43 39    147.7    14320     -68.1     41  -74.5                           
  43 49    146.1    14388     -68.7     42  -74.9                           
  43 59    144.7    14443     -69.0     41  -75.4                           
  44  9    143.4    14497     -69.5     39  -76.1                           
  44 19    142.3    14540     -69.8     38  -76.5                           
  44 29    141.3    14585     -70.2     38  -76.9                           
  44 39    140.0    14638     -70.2     36  -77.2                           
  44 49    138.4    14707     -70.6     38  -77.3                           
  44 59    137.4    14753     -71.0     38  -77.6                           
  45  9    136.3    14796     -71.4     38  -78.0                           
  45 19    135.2    14844     -71.6     36  -78.5 T           T             
  45 29    134.0    14897     -70.5     36  -77.5                           
  45 39    132.6    14961     -71.0     39  -77.5                           
  45 49    131.4    15012     -71.3     42  -77.4                           
  45 59    130.4    15061     -71.5     40  -77.9                           
  46  9    129.3    15111     -71.4     36  -78.4                           
  46 19    128.1    15167     -71.8     32  -79.6                           
  46 29    126.7    15228     -71.8     27  -80.7                           
  46 39    125.6    15281     -72.2     25  -81.6                           
  46 49    124.6    15325     -71.9     21  -82.4                           
  46 59    123.6    15376     -71.4     20  -82.2  U           U            
  47  9    122.4    15432     -71.8     20  -82.3                           
  47 19    121.3    15485     -72.0     21  -82.5                           
  47 29    120.1    15546     -72.3     20  -82.9                           
  47 39    118.9    15603     -72.5     20  -83.2                           
  47 49    117.7    15662     -72.2     18  -83.5                           
  47 59    116.5    15723     -72.3     18  -83.6                           
  48  9    115.3    15786     -72.7     18  -83.9                           
  48 19    114.0    15853     -73.3     19  -84.2                           
  48 29    112.7    15916     -73.7     20  -84.4                           
  48 39    111.5    15977     -74.2     20  -84.8                           
  48 49    110.4    16037     -74.3     20  -84.8                           
  48 59    109.3    16098     -74.7     20  -85.1                           
  49  9    108.2    16156     -75.1     20  -85.5                           
  49 19    107.1    16216     -74.0     18  -85.2                           
  49 29    106.0    16273     -73.5     17  -85.1                           
  49 39    104.9    16332     -73.5     17  -85.1                           
  49 49    103.7    16404     -73.8     18  -85.1                           
  49 59    102.4    16473     -74.1     18  -85.3                           
  50  9    101.1    16553     -74.6     19  -85.4                           
  50 19    100.2    16602     -75.0     21  -85.2 TU          TU            
  50 29     99.3    16655     -75.2     21  -85.2                           
  50 39     98.4    16707     -75.3     22  -85.1                           
  50 49     97.5    16756     -75.7     23  -85.0                           
  50 59     96.7    16808     -76.0     25  -85.0                           
  51  9     95.9    16856     -76.4     26  -85.0                           
  51 19     95.1    16907     -76.4     26  -85.1                           
  51 29     94.3    16955     -76.2     25  -85.0                           
  51 39     93.5    17003     -76.6     26  -85.2                           
  51 49     92.7    17049     -77.0     27  -85.3                           
  51 59     92.0    17097     -77.4     28  -85.5                           
  52  9     91.1    17148     -77.9     29  -85.7                           
  52 19     90.4    17197     -78.4     31  -85.8                           
  52 29     89.6    17247     -78.7     32  -85.9                           
  52 39     88.8    17296     -79.2     33  -86.1                           
  52 49     88.0    17349     -79.6     34  -86.3                           
  52 59     87.2    17400     -79.7     35  -86.2                           
  53  9     86.4    17453     -79.9     36  -86.4 T      Tr   T      Tr     
  53 19     85.6    17505     -79.8     35  -86.3                           
  53 29     84.8    17556     -79.7     35  -86.3                           
  53 39     84.1    17608     -79.6     35  -86.2                           
  53 49     83.3    17657     -79.6     35  -86.2                           
  53 59     82.6    17708     -79.7     35  -86.2                           
  54  9     81.8    17760     -80.1     37  -86.3                           
  54 19     81.1    17809     -80.0     37  -86.3                           
  54 29     80.4    17857     -80.3     37  -86.4                           
  54 39     79.7    17905     -80.3     37  -86.5                           
  54 49     79.0    17955     -80.5     36  -86.7 TU          TU            
  54 59     78.4    18004     -79.7     34  -86.4                           
  55  9     77.7    18053     -79.3     33  -86.4                           
  55 19     77.0    18099     -79.4     33  -86.4                           
  55 29     76.4    18150     -79.3     32  -86.5                           
  55 39     75.7    18197     -79.1     30  -86.6                           
  55 49     75.1    18246     -79.3     29  -87.0                           
  55 59     74.4    18296     -78.4     25  -87.1                           
  56  9     73.8    18348     -77.5     22  -87.0                           
  56 19     73.1    18396     -76.7     21  -86.6                           
  56 29     72.5    18449     -76.4     19  -86.8                           
  56 39     71.8    18500     -76.1     18  -87.0                           
  56 49     71.1    18555     -75.7     17  -87.0 T           T             
  56 59     70.5    18607     -76.0     17  -87.3                           
  57  9     69.8    18661     -76.3     17  -87.5                           
  57 19     69.2    18715     -76.4     17  -87.6                           
  57 29     68.6    18769     -76.4     17  -87.8                           
  57 39     68.0    18820     -76.5     17  -87.8                           
  57 49     67.3    18873     -76.8     17  -88.0                           
  57 59     66.7    18925     -76.2     16  -87.6                           
  58  9     66.1    18976     -76.6     16  -88.1 T           T             
  58 19     65.6    19025     -76.3     15  -88.2                           
  58 29     65.1    19071     -75.8     13  -88.5                           
  58 39     64.5    19121     -74.3     11  -88.2                           
  58 49     64.0    19167     -73.2     10  -87.9                           
  58 59     63.5    19215     -72.7      9  -87.9                           
  59  9     62.9    19267     -72.5      8  -88.4                           
  59 19     62.4    19319     -72.0      8  -88.5                           
  59 29     61.8    19375     -71.9      7  -88.8                           
  59 39     61.2    19430     -71.6      7  -89.0                           
  59 49     60.6    19489     -71.0      6  -88.9                           
  59 59     60.0    19549     -71.2      6  -89.2                           
  60  9     59.4    19608     -70.9      6  -89.5                           
  60 19     58.8    19671     -70.0      5  -89.2                           
  60 29     58.1    19735     -69.6      5  -89.2                           
  60 39     57.5    19794     -69.5      5  -89.5                           
  60 49     56.9    19859     -69.0      4  -89.3 T           T             
  60 59     56.3    19920     -69.3      4  -89.6                           
  61  9     55.8    19979     -69.1      4  -89.5                           
  61 19     55.3    20036     -69.0      4  -89.4                           
  61 29     54.7    20097     -69.5      4  -89.6                           
  61 39     54.2    20156     -69.8      5  -89.7                           
  61 49     53.7    20213     -69.6      4  -89.6                           
  61 59     53.2    20265     -69.7      4  -89.7                           
  62  9     52.7    20321     -69.9      5  -89.7                           
  62 19     52.2    20377     -70.1      5  -89.8                           
  62 29     51.8    20426     -70.2      5  -90.1                           
  62 39     51.3    20482     -69.7      4  -89.9                           
  62 49     50.9    20531     -69.7      4  -90.0                           
  62 59     50.4    20585     -69.9      4  -90.0                           
  63  9     50.0    20636     -70.3      4  -90.2                           
  63 19     49.5    20695     -70.0      4  -90.0                           
  63 29     49.0    20751     -70.2      5  -90.1                           
  63 39     48.6    20802     -70.7      5  -90.3                           
  63 49     48.1    20860     -71.1      4  -91.1 T           T             
  63 59     47.6    20924     -69.6      3  -91.1                           
  64  9     47.1    20985     -67.5      3  -91.0                           
  64 19     46.7    21044     -65.7      2  -90.4                           
  64 29     46.2    21103     -65.5      2  -90.2                           
  64 39     45.8    21160     -65.3      2  -89.7 TU          TU            
  64 49     45.4    21215     -65.6      3  -89.6                           
  64 59     44.9    21274     -65.9      3  -89.6                           
  65  9     44.5    21330     -66.2      3  -89.6                           
  65 19     44.1    21389     -66.4      3  -89.7                           
  65 29     43.7    21444     -66.5      3  -89.8                           
  65 39     43.3    21503     -66.7      3  -90.1 TU          TU            
  65 49     42.9    21559     -66.3      3  -90.0                           
  65 59     42.4    21619     -66.2      3  -90.2                           
  66  9     42.1    21672     -65.8      2  -90.3                           
  66 19     41.7    21730     -65.1      2  -89.9                           
  66 29     41.3    21787     -65.3      2  -89.9                           
  66 39     40.9    21846     -65.6      2  -89.9                           
  66 49     40.5    21903     -65.5      2  -89.8                           
  66 59     40.1    21963     -65.5      3  -89.7                           
  67  9     39.7    22021     -65.8      3  -89.9                           
  67 19     39.3    22079     -66.2      3  -90.2                           
  67 29     39.0    22137     -66.0      2  -90.4                           
  67 39     38.6    22195     -65.3      2  -90.2                           
  67 49     38.2    22255     -65.3      2  -90.3                           
  67 59     37.9    22315     -65.0      2  -90.3                           
  68  9     37.5    22371     -64.3      2  -90.0                           
  68 19     37.1    22431     -64.1      2  -89.8                           
  68 29     36.8    22485     -64.2      2  -89.6                           
  68 39     36.4    22543     -64.5      2  -89.5                           
  68 49     36.1    22603     -64.9      2  -89.7                           
  68 59     35.7    22662     -64.9      2  -89.7                           
  69  9     35.4    22723     -65.0      2  -89.9                           
  69 19     35.1    22777     -64.9      2  -89.9                           
  69 29     34.8    22836     -64.8      2  -89.9                           
  69 39     34.4    22888     -65.1      2  -90.0                           
  69 49     34.1    22945     -65.1      2  -90.1 TU          TU            
  69 59     33.8    23003     -64.8      2  -90.0                           
  70  9     33.5    23059     -64.7      2  -90.2                           
  70 19     33.2    23117     -64.3      2  -90.2                           
  70 29     32.9    23171     -64.0      2  -90.1                           
  70 39     32.6    23226     -63.5      2  -90.0                           
  70 49     32.3    23283     -63.2      2  -89.8                           
  70 59     32.0    23342     -63.0      2  -89.7                           
  71  9     31.7    23403     -62.7      2  -89.4                           
  71 19     31.4    23462     -62.6      2  -89.3                           
  71 29     31.1    23520     -62.7      2  -89.2                           
  71 39     30.8    23585     -62.7      2  -89.2                           
  71 49     30.4    23648     -62.5      2  -89.2                           
  71 59     30.1    23708     -62.4      2  -89.3                           
  72  9     29.8    23771     -62.3      2  -89.2                           
  72 19     29.5    23839     -62.2      2  -89.1                           
  72 29     29.2    23898     -62.2      2  -89.0                           
  72 39     28.9    23960     -62.1      2  -89.0                           
  72 49     28.6    24026     -62.1      2  -89.1                           
  72 59     28.3    24091     -61.7      2  -89.0                           
  73  9     28.0    24154     -61.6      2  -89.0                           
  73 19     27.8    24216     -61.4      2  -89.0                           
  73 29     27.5    24272     -61.1      2  -88.8                           
  73 39     27.2    24337     -61.1      2  -88.7                           
  73 49     27.0    24396     -61.1      2  -88.7                           
  73 59     26.7    24449     -60.8      2  -88.6                           
  74  9     26.5    24508     -60.5      2  -88.5                           
  74 19     26.3    24564     -60.3      2  -88.3                           
  74 29     26.0    24623     -60.5      2  -88.3                           
  74 39     25.8    24680     -60.7      2  -88.4                           
  74 49     25.5    24735     -60.4      2  -88.4                           
  74 59     25.3    24793     -59.9      2  -88.5                           
  75  9     25.1    24850     -59.4      1  -88.4                           
  75 19     24.8    24906     -58.9      1  -88.1                           
  75 29     24.6    24967     -58.6      1  -87.8                           
  75 39     24.4    25031     -58.5      1  -87.6                           
  75 49     24.1    25089     -58.4      1  -87.4                           
  75 59     23.9    25151     -58.4      1  -87.4                           
  76  9     23.7    25215     -58.2      1  -87.3                           
  76 19     23.4    25272     -58.1      1  -87.4                           
  76 29     23.2    25331     -57.8      1  -87.3                           
  76 39     23.0    25395     -57.6      1  -87.3                           
  76 49     22.8    25453     -57.3      1  -87.1                           
  76 59     22.6    25519     -57.3      1  -87.0                           
  77  9     22.3    25574     -57.2      1  -86.9                           
  77 19     22.1    25645     -57.1      1  -86.9                           
  77 29     21.9    25703     -56.7      1  -86.7                           
  77 39     21.7    25768     -56.6      1  -86.8                           
  77 49     21.5    25824     -56.1      1  -86.7                           
  77 59     21.3    25893     -55.7      1  -86.4                           
  78  9     21.0    25951     -55.3      1  -86.2                           
  78 19     20.8    26024     -55.3      1  -86.1                           
  78 29     20.6    26083     -55.3      1  -86.0                           
  78 39     20.4    26144     -55.2      1  -85.9                           
  78 49     20.2    26202     -54.9      1  -85.7                           
  78 59     20.0    26278     -54.9      1  -85.8                           
  79  9     19.8    26339     -54.8      1  -85.7                           
  79 19     19.6    26410     -54.7      1  -85.7                           
  79 29     19.4    26477     -54.4      1  -85.7                           
  79 39     19.2    26540     -54.1      1  -85.5                           
  79 49     19.0    26606     -53.9      1  -85.3 TU          TU            
